0.722
0, 4, id
0, 4, 1795044265
4, 0, 2175552743
4, 0, 2061680723
4, 0, 1469174690
4, 0, 2049461606
4, 0, 1832636113
4, 0, 2187665340
0, 4, 1995335542
4, 0, 1880486592
0, 4, 2298766834
4, 0, 1564855353
4, 0, 1964588954
4, 0, 2179106755
4, 0, 1793706336
0, 4, 2260530208
0, 4, 1752124791
0, 4, 1573392336
4, 0, 1880458216
0, 4, 2012557382
4, 0, 1678492947
4, 0, 2065477057
0, 4, 2176477147
4, 0, 1880267634
4, 0, 2060187656
0, 4, 2054590838
4, 0, 2017194237
4, 0, 1972194617
0, 4, 1969718774
4, 0, 2006532087
0, 4, 2261286948
4, 0, 2002833024
0, 4, 2174728297
4, 0, 1968135638
0, 4, 2325910133
0, 4, 2325050123
0, 4, 2190875744
0, 4, 2175494955
4, 0, 1984882031
0, 4, 1825874213
4, 0, 1985608976
4, 0, 2051317114
4, 0, 2065281189
4, 0, 2000400499
0, 4, 1966550460
0, 4, 1985820444
4, 0, 2063413171
0, 4, 1880130173
4, 0, 1558792776
0, 4, 2200292084
0, 4, 2239703480
0, 4, 2204819292
4, 0, 1965620313
0, 4, 2055322852
0, 4, 1753431870
0, 4, 1760174764
4, 0, 2057958274
0, 4, 1550838931
0, 4, 1969464607
4, 0, 2070703175
4, 0, 1996066741
4, 0, 1956421114
4, 0, 1827648079
4, 0, 2002443505
0, 4, 2006624731
4, 0, 1792073269
4, 0, 2001076939
4, 0, 1990447518
4, 0, 1470068706
4, 0, 2054921288
0, 4, 2070183042
4, 0, 2057819813
4, 0, 2062399417
4, 0, 2189605228
4, 0, 1551242276
4, 0, 2071914271
0, 4, 2326818280
4, 0, 1981029899
4, 0, 1974741993
0, 4, 1957497862
4, 0, 1988770562
0, 4, 2226215344
4, 0, 2176277100
0, 4, 1983127514
0, 4, 2230582898
4, 0, 1963820192
4, 0, 2063822521
0, 4, 2061891319
4, 0, 2179554578
4, 0, 1997659079
0, 4, 2060423355
0, 4, 1880538473
4, 0, 2175159397
4, 0, 1971513366
0, 4, 2243049546
0, 4, 2197414287
4, 0, 1754524035
0, 4, 2222282541
4, 0, 2052866830
4, 0, 1824621390
4, 0, 2058829297
0, 4, 2202694750
0, 4, 1693533074
4, 0, 2180849131
4, 0, 1977704286
4, 0, 2009186598
4, 0, 2188820943
4, 0, 1572913626
0, 4, 1752443716
0, 4, 1994215898
0, 4, 2238009248
4, 0, 1555729487
4, 0, 1695657091
4, 0, 1957241010
4, 0, 1993665707
4, 0, 1753415392
4, 0, 2060924768
4, 0, 2059068356
0, 4, 1880102032
4, 0, 2014295733
4, 0, 2180750301
0, 4, 2197687359
4, 0, 1995128672
0, 4, 2018322681
4, 0, 1880934027
0, 4, 1834956316
0, 4, 2179395568
4, 0, 1982049837
4, 0, 1980254470
4, 0, 2188130061
4, 0, 1979350277
0, 4, 2218737777
0, 4, 2185353107
0, 4, 1677370967
4, 0, 1967455796
4, 0, 2003317043
4, 0, 1468268968
0, 4, 2217793754
4, 0, 1996420073
0, 4, 2327529437
4, 0, 1992316009
0, 4, 1881551900
0, 4, 2259825671
0, 4, 2323036659
4, 0, 2001322140
4, 0, 1964545474
0, 4, 1992975233
0, 4, 2188228673
4, 0, 1573718285
4, 0, 2060923067
0, 4, 2299667383
4, 0, 2068038111
4, 0, 1754790896
4, 0, 1825559196
4, 0, 1468407171
0, 4, 1687360159
4, 0, 2191805187
4, 0, 1551585303
4, 0, 2015556169
4, 0, 2031448467
4, 0, 1755443052
4, 0, 1978989850
0, 4, 2070839409
4, 0, 1963199940
4, 0, 1686216416
4, 0, 2062290214
0, 4, 1981443860
4, 0, 1979558827
4, 0, 1972666999
4, 0, 1994185604
4, 0, 2188448988
0, 4, 2250675995
4, 0, 1558343258
0, 4, 2230091004
4, 0, 1966596581
4, 0, 2064157580
4, 0, 1834307574
4, 0, 1685573214
4, 0, 1990841329
4, 0, 1992519109
4, 0, 2184556115
0, 4, 2229199871
4, 0, 2192769504
0, 4, 2249705150
0, 4, 2203664869
4, 0, 2061473271
4, 0, 2071945748
4, 0, 2071729576
4, 0, 2180847578
4, 0, 1990361201
4, 0, 2060085655
4, 0, 2018732908
0, 4, 2323712175
0, 4, 2301201253
4, 0, 2017685208
0, 4, 2001240698
0, 4, 2176040079
0, 4, 1834605969
0, 4, 1992871959
0, 4, 1686274417
0, 4, 2180952604
0, 4, 2060637968
0, 4, 2260599722
4, 0, 2062955047
0, 4, 2011239116
0, 4, 1754696920
4, 0, 2060528023
0, 4, 2247904905
0, 4, 1791791919
4, 0, 1833896516
0, 4, 2054092240
4, 0, 1976734877
0, 4, 1752524436
4, 0, 2066921376
4, 0, 1976091889
4, 0, 1824637314
0, 4, 1994142588
0, 4, 1989758245
4, 0, 2179514643
0, 4, 2054771273
0, 4, 1794463713
4, 0, 2177881704
4, 0, 1881517208
4, 0, 2187320020
4, 0, 2064495483
4, 0, 2056260561
4, 0, 1983793863
0, 4, 2224977656
4, 0, 2062743443
0, 4, 2050955778
4, 0, 1970285166
0, 4, 1972729453
4, 0, 2062710646
4, 0, 2007163626
4, 0, 2058008953
4, 0, 1970195826
4, 0, 1970221818
4, 0, 2185487113
4, 0, 1932276847
4, 0, 2175119599
4, 0, 1990009406
0, 4, 2264228194
0, 4, 1976366758
0, 4, 1961044058
4, 0, 1559908144
4, 0, 2054717302
4, 0, 1834543876
0, 4, 2194155386
4, 0, 1969783607
4, 0, 1966839231
4, 0, 1677504257
0, 4, 1883253969
4, 0, 1880956893
4, 0, 1985348873
4, 0, 2065625176
0, 4, 1975619383
0, 4, 1823808919
4, 0, 2058181085
0, 4, 2204432748
4, 0, 1793987031
0, 4, 2202326485
0, 4, 2327318381
4, 0, 2064168025
4, 0, 1827487171
4, 0, 2004305396
0, 4, 1573580743
0, 4, 1751202385
4, 0, 1678153109
0, 4, 1984879707
4, 0, 2065478647
4, 0, 1551271087
4, 0, 1827469657
4, 0, 2187730183
0, 4, 2244563853
4, 0, 1557980464
0, 4, 2298765694
4, 0, 1995956924
0, 4, 2257008759
4, 0, 1974444395
4, 0, 1971970362
4, 0, 1964939778
4, 0, 1981969904
4, 0, 1990524894
0, 4, 2065175912
0, 4, 2258584674
4, 0, 2047391062
4, 0, 2180929338
0, 4, 2300683939
4, 0, 1468653891
0, 4, 2259576394
0, 4, 1957119110
0, 4, 2175714348
4, 0, 1964918648
4, 0, 1564733573
4, 0, 2012312804
0, 4, 1932858264
0, 4, 2064182414
0, 4, 2254538889
4, 0, 2054918386
4, 0, 1999708883
4, 0, 2058074207
0, 4, 2013653469
4, 0, 2054934009
4, 0, 2067315849
4, 0, 2048303505
0, 4, 2237360776
4, 0, 1824181707
0, 4, 1965071295
4, 0, 1969964448
4, 0, 1982248051
4, 0, 2063803775
4, 0, 1978971910
0, 4, 1677402065
0, 4, 2324794742
4, 0, 2193153389
4, 0, 2185421872
4, 0, 2192536354
4, 0, 1687042965
4, 0, 1755842151
4, 0, 1981390181
4, 0, 1834661351
0, 4, 1559940226
0, 4, 1969158469
0, 4, 2065676615
0, 4, 2323428386
4, 0, 1753518278
4, 0, 2017704222
4, 0, 2048010284
4, 0, 2061667449
0, 4, 1981103582
0, 4, 2231069633
4, 0, 2048031475
0, 4, 2322074674
4, 0, 2182050951
4, 0, 1968956230
4, 0, 1992520476
4, 0, 1882128427
4, 0, 2068890921
4, 0, 2182479719
0, 4, 1971329093
4, 0, 1882268773
4, 0, 1881542792
0, 4, 1680165161
4, 0, 2051498708
4, 0, 1833556451
4, 0, 2191530673
0, 4, 1880782217
0, 4, 1995928037
4, 0, 1836134023
0, 4, 1978704138
0, 4, 2183834443
4, 0, 1880904154
4, 0, 2058860623
4, 0, 2013974188
4, 0, 1793776408
4, 0, 2185379003
4, 0, 1999965883
4, 0, 2052959197
0, 4, 2059542444
4, 0, 2048516472
0, 4, 2250025486
4, 0, 1833986077
4, 0, 1975408857
4, 0, 2069567914
0, 4, 1986581930
4, 0, 2071222739
4, 0, 2063769679
0, 4, 2241540513
4, 0, 2189038631
4, 0, 1981456978
0, 4, 1556595537
0, 4, 1965757595
0, 4, 1985866989
4, 0, 1980433807
4, 0, 1956211993
0, 4, 2199572160
4, 0, 2063572918
4, 0, 2059428675
4, 0, 1991385377
0, 4, 1997261281
0, 4, 2236674753
4, 0, 2064359618
4, 0, 2047902007
0, 4, 1981161655
4, 0, 1996636038
0, 4, 2012798441
0, 4, 1564235860
4, 0, 1995191483
0, 4, 1972913509
4, 0, 2061921588
0, 4, 2060667381
4, 0, 1965638677
4, 0, 2177096895
4, 0, 2049384285
4, 0, 1962352529
4, 0, 1956243781
4, 0, 2002316821
4, 0, 2003792939
4, 0, 1680922409
0, 4, 1981127497
4, 0, 2009989333
0, 4, 1965949112
4, 0, 1881580411
0, 4, 2014730504
4, 0, 1960823271
0, 4, 2065672240
0, 4, 2012926711
4, 0, 1996729711
0, 4, 1468416968
4, 0, 2039895863
4, 0, 1969681049
4, 0, 1693631521
4, 0, 2177602012
0, 4, 1760069536
4, 0, 1833965499
4, 0, 2186247335
0, 4, 1755249365
4, 0, 1553584195
4, 0, 2047296850
4, 0, 1962678655
4, 0, 2045107513
0, 4, 1986809950
4, 0, 1970041576
0, 4, 1966734163
0, 4, 1676445454
0, 4, 2246583537
4, 0, 1989832354
4, 0, 2067108284
0, 4, 1834617869
4, 0, 2051645543
0, 4, 2322753794
0, 4, 2230033326
0, 4, 2237125463
4, 0, 2000222270
0, 4, 2175595552
4, 0, 1992646008
0, 4, 2016932251
4, 0, 1678336120
0, 4, 1882492138
0, 4, 2049771496
4, 0, 1559643205
0, 4, 1960325556
0, 4, 1686849243
4, 0, 2018011913
0, 4, 1983581062
4, 0, 1827462333
0, 4, 2251221916
0, 4, 2214359297
0, 4, 2016320660
0, 4, 2186588838
4, 0, 2071869155
0, 4, 2048427770
0, 4, 2050405738
0, 4, 1694284101
4, 0, 2190011510
0, 4, 1752697690
4, 0, 1880146681
4, 0, 1969197937
0, 4, 2295786060
4, 0, 1792481006
4, 0, 2050904698
4, 0, 2058861576
4, 0, 1964705872
4, 0, 1693744289
4, 0, 1977996441
4, 0, 1996065978
0, 4, 1678091393
0, 4, 1834222944
4, 0, 2189097652
0, 4, 2236454826
4, 0, 2039972565
4, 0, 1832769582
4, 0, 1979566665
0, 4, 1986920737
4, 0, 1564381575
0, 4, 1564299946
0, 4, 1882350045
0, 4, 1967303916
4, 0, 1997910286
4, 0, 2016175717
0, 4, 2031238773
0, 4, 2003082359
0, 4, 1995548586
0, 4, 2189571725
4, 0, 1564585458
4, 0, 2189212385
0, 4, 1981749857
0, 4, 1676947102
4, 0, 1883560665
4, 0, 2016105149
4, 0, 2014917009
4, 0, 1564585741
4, 0, 1963199198
0, 4, 2059895457
4, 0, 1979256390
4, 0, 1825200700
4, 0, 2002253983
4, 0, 1880103290
0, 4, 2236125408
0, 4, 1551649043
0, 4, 2052597930
4, 0, 1793658942
0, 4, 2251131530
4, 0, 1548812521
4, 0, 1998269815
4, 0, 1880609719
4, 0, 1992996284
4, 0, 2002411368
4, 0, 2069472657
0, 4, 2221264266
0, 4, 1933168908
4, 0, 1552035688
0, 4, 2195967147
4, 0, 1880841222
4, 0, 1880016348
4, 0, 1992605142
0, 4, 2015588045
0, 4, 1984121255
4, 0, 1754473317
0, 4, 2245829482
0, 4, 1881859454
4, 0, 1996193781
4, 0, 1989694330
4, 0, 2061046866
0, 4, 1823416419
4, 0, 2053022842
4, 0, 1994631126
4, 0, 2178342977
4, 0, 1969975853
0, 4, 1976830613
4, 0, 1880039125
4, 0, 1978854801
4, 0, 2052387006
0, 4, 2062000752
4, 0, 2189469200
4, 0, 1993837609
4, 0, 1957629260
4, 0, 1977053537
4, 0, 2051643286
4, 0, 2071967305
0, 4, 1685870875
4, 0, 1970338464
4, 0, 1993837556
4, 0, 1974675381
4, 0, 1932774181
0, 4, 1976969897
0, 4, 1998163432
0, 4, 1823040086
4, 0, 2002002173
0, 4, 1973262315
0, 4, 1693809577
0, 4, 2048339592
4, 0, 2048073856
4, 0, 1933074283
0, 4, 2063339986
4, 0, 1880633583
0, 4, 2003806219
0, 4, 2302270025
4, 0, 2052060687
0, 4, 2221748962
4, 0, 2016122955
4, 0, 1995593099
0, 4, 2052943787
4, 0, 2063022276
4, 0, 1976520175
4, 0, 1834428893
0, 4, 2302196681
4, 0, 2000304403
4, 0, 1564022098
0, 4, 1985995941
0, 4, 2174648427
0, 4, 2205171816
4, 0, 1693119391
4, 0, 2016250485
4, 0, 2017104199
4, 0, 2060701701
4, 0, 1991222386
0, 4, 1974666481
4, 0, 1770809502
4, 0, 1824135057
0, 4, 2201820383
4, 0, 1573617648
0, 4, 1687215166
0, 4, 1966603957
4, 0, 1558214781
0, 4, 2223078904
4, 0, 2056095063
4, 0, 1565687097
4, 0, 2014804810
4, 0, 2056896857
4, 0, 1795957203
4, 0, 2014886961
0, 4, 2213999563
4, 0, 2178367144
4, 0, 2175636180
4, 0, 1979270624
4, 0, 1980025682
0, 4, 2053918152
0, 4, 2175060446
0, 4, 2231822283
4, 0, 1694727520
4, 0, 1565996758
4, 0, 1975957140
4, 0, 2175419894
4, 0, 1970943057
0, 4, 2179791606
0, 4, 1979910058
0, 4, 1964854224
0, 4, 1990991919
4, 0, 2061413549
0, 4, 1976215769
4, 0, 1996045212
4, 0, 1989912915
0, 4, 2014218959
4, 0, 2185144502
4, 0, 2062025660
4, 0, 1970922383
4, 0, 2182628451
4, 0, 2060596900
0, 4, 2061539967
4, 0, 2053050802
0, 4, 1686335394
0, 4, 1795691416
4, 0, 2054472078
4, 0, 1972789851
0, 4, 2054655011
4, 0, 1880477820
4, 0, 2188468480
4, 0, 1990079729
4, 0, 1694240308
0, 4, 2048679195
4, 0, 1834020956
4, 0, 1967494194
4, 0, 2189607529
4, 0, 1686877455
4, 0, 1971031747
0, 4, 2191933344
4, 0, 2067144644
4, 0, 1969440440
0, 4, 2069691691
4, 0, 1992893061
4, 0, 2003264493
4, 0, 2000304879
4, 0, 1984464114
4, 0, 1559006753
4, 0, 1978747539
4, 0, 2002065355
4, 0, 1685538264
4, 0, 1834885585
4, 0, 1793204245
4, 0, 1991349719
0, 4, 2258098163
0, 4, 1550762111
0, 4, 2067911014
0, 4, 1960576036
4, 0, 2191235729
4, 0, 2187276114
4, 0, 2187775110
4, 0, 1970674292
4, 0, 1686183338
0, 4, 2328351067
0, 4, 2200720560
4, 0, 1881098407
4, 0, 1979481632
4, 0, 2071476597
4, 0, 2169480658
4, 0, 1996972646
0, 4, 2250682996
4, 0, 1558192189
0, 4, 2259457916
0, 4, 2050987503
0, 4, 2302230182
4, 0, 2064431405
4, 0, 2065071106
4, 0, 1825240263
4, 0, 2013706488
4, 0, 1835425436
0, 4, 1963462813
4, 0, 1755059583
4, 0, 2053021259
4, 0, 1827428252
0, 4, 2053969766
0, 4, 2212860208
4, 0, 2178933802
0, 4, 2195265794
0, 4, 2322388642
0, 4, 2012820058
4, 0, 2056990056
4, 0, 2056823033
4, 0, 1680313288
4, 0, 1751034655
0, 4, 2248777170
4, 0, 1880895639
4, 0, 2052661577
0, 4, 2047027958
4, 0, 1882319877
4, 0, 2069433410
4, 0, 1880598499
0, 4, 1997655687
0, 4, 2297939469
4, 0, 1677536277
0, 4, 2045841787
4, 0, 1999647580
4, 0, 2014629488
4, 0, 1989933460
0, 4, 2050682617
0, 4, 1984730378
4, 0, 2064316692
4, 0, 2047672703
4, 0, 1752590890
4, 0, 2047792435
4, 0, 2017702571
0, 4, 1751138541
4, 0, 1974660315
4, 0, 1984815393
4, 0, 2014308011
0, 4, 2262872873
4, 0, 2003711900
0, 4, 1548853933
4, 0, 2053296799
0, 4, 2003023406
4, 0, 1985507265
4, 0, 1971268786
4, 0, 2072514150
0, 4, 1553365164
4, 0, 2067741466
0, 4, 2199541774
4, 0, 2175532048
4, 0, 2001821426
4, 0, 2015651678
4, 0, 2175923696
4, 0, 1956658822
4, 0, 2052502305
4, 0, 1976776633
4, 0, 2174766697
4, 0, 2012969871
0, 4, 2256668344
4, 0, 1771003528
4, 0, 1971483037
4, 0, 1990698900
0, 4, 2197702001
4, 0, 2181423595
4, 0, 2068115632
4, 0, 2061348244
4, 0, 1832659418
0, 4, 2044614329
0, 4, 1964640319
4, 0, 1751068708
4, 0, 1564987841
4, 0, 1983710380
4, 0, 1968116994
4, 0, 1676342419
4, 0, 1982310761
4, 0, 1985575804
4, 0, 1881417341
4, 0, 1468938119
4, 0, 1996024508
4, 0, 2050640153
4, 0, 1961355710
4, 0, 2064712152
0, 4, 1678548313
4, 0, 2190364340
0, 4, 2177750813
4, 0, 2188246288
4, 0, 2050361434
0, 4, 1880858882
4, 0, 1988864101
0, 4, 2210029365
4, 0, 2187662584
0, 4, 2322898128
4, 0, 1978776042
4, 0, 1993123737
4, 0, 1881502835
4, 0, 2051420448
0, 4, 2286770297
0, 4, 1468532172
4, 0, 2054561308
4, 0, 1558213373
0, 4, 2193805871
4, 0, 2049597630
4, 0, 1694165895
4, 0, 2058045970
0, 4, 2245739439
4, 0, 2001311901
0, 4, 2018598033
4, 0, 1978263890
4, 0, 1882561109
4, 0, 1969472555
0, 4, 1573779492
0, 4, 2235087403
4, 0, 1979807235
0, 4, 2286926084
4, 0, 1753310108
0, 4, 2237414613
0, 4, 2018147422
4, 0, 1686335262
4, 0, 2052924377
0, 4, 1824280719
4, 0, 1678693599
4, 0, 1555984963
0, 4, 2185588966
0, 4, 2203073820
4, 0, 2001588719
4, 0, 1791938654
0, 4, 2206744930
4, 0, 1972330308
0, 4, 2263487246
0, 4, 2001818984
4, 0, 1553491388
0, 4, 2328474171
4, 0, 2190835066
4, 0, 1835885753
4, 0, 1977195632
0, 4, 1551298222
0, 4, 2233049745
4, 0, 1989103276
4, 0, 2188957214
0, 4, 2233044818
4, 0, 1976109543
4, 0, 1834952043
4, 0, 1969912809
4, 0, 2178369388
4, 0, 2061065201
0, 4, 1827587440
4, 0, 1880572752
4, 0, 1548497412
4, 0, 2191868051
4, 0, 2063050600
4, 0, 1468353283
4, 0, 2191030535
0, 4, 2263792095
0, 4, 1685725616
4, 0, 1982802109
4, 0, 2008559961
0, 4, 2266127381
4, 0, 1979615996
4, 0, 2191630764
4, 0, 1990213029
0, 4, 2295404986
4, 0, 1997541738
4, 0, 2039910869
0, 4, 2194282806
4, 0, 2003710175
4, 0, 1824804465
4, 0, 2188749940
4, 0, 2060546487
0, 4, 1995126681
4, 0, 1565330750
0, 4, 1983427578
4, 0, 1985986062
4, 0, 2017643225
4, 0, 1979879317
4, 0, 2176265792
0, 4, 1990872440
0, 4, 1986044144
4, 0, 1833400604
4, 0, 1551683036
4, 0, 1986619770
4, 0, 2189110215
4, 0, 1971515559
4, 0, 2048304606
0, 4, 2236523671
4, 0, 1983952145
4, 0, 1687766121
4, 0, 2032506760
0, 4, 1564317284
4, 0, 2055774555
4, 0, 2002498280
4, 0, 2044345080
4, 0, 1981658974
4, 0, 1794227178
4, 0, 1825689609
0, 4, 1997120451
4, 0, 2181003675
4, 0, 1676253209
0, 4, 1573685091
0, 4, 1691339437
0, 4, 2070982324
4, 0, 1970942043
4, 0, 2177682346
4, 0, 1834516261
4, 0, 1825414085
4, 0, 1825438104
0, 4, 2255261092
0, 4, 2053752780
4, 0, 2180304073
0, 4, 2013545135
4, 0, 1880597957
4, 0, 1573310055
0, 4, 2043947464
0, 4, 2301210133
0, 4, 2069579221
0, 4, 1548778307
0, 4, 2233645391
0, 4, 1991827117
0, 4, 2187891841
4, 0, 1979138878
0, 4, 2185893285
4, 0, 1999080488
0, 4, 1956702799
4, 0, 2018643996
4, 0, 1962158314
0, 4, 1968617405
4, 0, 1548318058
0, 4, 2187561179
4, 0, 1982165892
4, 0, 2044735634
4, 0, 2188927424
4, 0, 1995043358
0, 4, 2198866663
0, 4, 1995997406
0, 4, 2248657929
4, 0, 1824409638
0, 4, 1984505941
4, 0, 2014452437
4, 0, 2008556706
4, 0, 2001965645
4, 0, 2058263204
4, 0, 2189319949
4, 0, 2069637857
4, 0, 1824898282
4, 0, 1834402106
4, 0, 2065820335
0, 4, 1823834710
0, 4, 2285347625
0, 4, 2253327785
4, 0, 1793505352
0, 4, 2247030639
4, 0, 2192605352
0, 4, 2063292817
4, 0, 2067962862
0, 4, 1978823212
4, 0, 2002858836
4, 0, 1685127332
0, 4, 2176171859
4, 0, 1963135793
4, 0, 1562361914
4, 0, 1965621204
4, 0, 1995958251
0, 4, 2263099021
4, 0, 1974445089
4, 0, 2039779782
4, 0, 2187839029
4, 0, 1999100085
0, 4, 1966904988
0, 4, 2178082074
4, 0, 1677828589
0, 4, 1956132186
0, 4, 2203090688
4, 0, 1984601873
0, 4, 2202950124
4, 0, 1961113956
4, 0, 2178788980
4, 0, 1992271679
4, 0, 1556360851
0, 4, 1692287477
4, 0, 2192562001
4, 0, 2071915457
0, 4, 2246116065
0, 4, 2014648612
0, 4, 2217362024
4, 0, 2174822576
0, 4, 1971915406
4, 0, 1993245980
4, 0, 2053612566
0, 4, 1965887145
0, 4, 2262400586
4, 0, 1834897699
4, 0, 1684819899
0, 4, 2054005955
4, 0, 1827820002
4, 0, 1996518644
0, 4, 2189704535
0, 4, 2189697224
4, 0, 2063873722
0, 4, 2051249579
4, 0, 1678879503
0, 4, 1976905309
4, 0, 2180573618
0, 4, 2226512755
4, 0, 1981917790
4, 0, 1974332894
0, 4, 1990790203
0, 4, 2055267316
0, 4, 2065018993
0, 4, 1964159645
4, 0, 1793483301
4, 0, 1962438840
4, 0, 2070428023
0, 4, 1833427018
4, 0, 2002141589
0, 4, 1975516788
4, 0, 2055056901
4, 0, 1975425119
4, 0, 2045170497
0, 4, 2247143126
0, 4, 1681092997
4, 0, 2050285762
0, 4, 1792690185
0, 4, 2232545201
4, 0, 1834942617
4, 0, 1968678347
0, 4, 2322446077
4, 0, 1967005599
4, 0, 1468294189
4, 0, 2053502340
4, 0, 1881338312
4, 0, 1978272867
4, 0, 2053894369
0, 4, 2231221308
4, 0, 2052494147
4, 0, 1970569246
0, 4, 2179052635
4, 0, 1556510200
4, 0, 1992607102
0, 4, 1983976761
4, 0, 2176159328
4, 0, 1975849245
0, 4, 1469269900
4, 0, 1933201064
0, 4, 2056951929
4, 0, 1964062669
4, 0, 2014023109
0, 4, 1470091904
0, 4, 1999761186
0, 4, 1827097010
4, 0, 2054035205
4, 0, 1833020239
4, 0, 2051242812
0, 4, 2185779090
0, 4, 2232235976
4, 0, 2055446908
0, 4, 2011541308
4, 0, 1548318089
4, 0, 1993540627
4, 0, 1678069744
0, 4, 1679241097
0, 4, 2066060245
0, 4, 2191481232
4, 0, 1550967980
4, 0, 1979428033
4, 0, 1565365365
4, 0, 1985557373
0, 4, 1468623062
4, 0, 1974851818
4, 0, 1695620876
0, 4, 1981817673
4, 0, 2015986647
0, 4, 1834111498
4, 0, 2186835783
4, 0, 1753631640
4, 0, 2008446091
4, 0, 1980034897
4, 0, 1823048241
0, 4, 1833888453
0, 4, 2060262938
0, 4, 1991746257
0, 4, 1962907469
4, 0, 2014753660
4, 0, 2069027123
0, 4, 2327662497
4, 0, 2064127803
4, 0, 1992230245
4, 0, 1979848455
0, 4, 2049697065
4, 0, 1974529849
4, 0, 1983326993
4, 0, 2188633265
4, 0, 1978200499
4, 0, 2182552747
4, 0, 1824637284
4, 0, 1978997260
0, 4, 2221708293
4, 0, 1966409863
0, 4, 1573485260
4, 0, 1979536499
4, 0, 1835888198
4, 0, 1956850350
4, 0, 1834897181
4, 0, 2176727195
4, 0, 1676808119
4, 0, 2070089307
4, 0, 1750895141
4, 0, 1692176471
4, 0, 1556552091
4, 0, 2060241369
4, 0, 2049708007
4, 0, 1556065268
0, 4, 1981900585
0, 4, 2266998369
4, 0, 2062648927
0, 4, 2215298523
0, 4, 1791922600
4, 0, 1977307638
0, 4, 2051149296
4, 0, 2016642645
4, 0, 1822723156
4, 0, 2058726612
4, 0, 1692258241
4, 0, 1973021025
4, 0, 1771210128
4, 0, 1982398835
4, 0, 1563830597
4, 0, 2069362236
0, 4, 1792420652
0, 4, 2224975367
0, 4, 2260579525
4, 0, 1694812972
0, 4, 2176538292
4, 0, 2186105344
4, 0, 1833921839
0, 4, 2064217114
4, 0, 1687309499
0, 4, 2191471767
0, 4, 1557644140
4, 0, 2046868012
0, 4, 1972425059
4, 0, 2193304384
4, 0, 2056771009
0, 4, 2212930982
0, 4, 1969042202
4, 0, 2047389913
0, 4, 2057628917
0, 4, 2067795339
0, 4, 2014197788
0, 4, 2250411160
4, 0, 2187969214
4, 0, 2193189366
0, 4, 2206027980
0, 4, 2012261849
0, 4, 2232564118
0, 4, 2063984098
0, 4, 2070377275
0, 4, 1991860895
4, 0, 1960296107
0, 4, 1986770000
4, 0, 1791599250
4, 0, 2053464168
4, 0, 2064037203
0, 4, 1559673443
4, 0, 1564564450
0, 4, 1974682319
4, 0, 1967847540
4, 0, 2061164776
4, 0, 2178934131
4, 0, 1994724802
4, 0, 1694552445
4, 0, 2063643369
4, 0, 1835068781
0, 4, 2018460485
4, 0, 1969199695
4, 0, 1676253081
4, 0, 2054904471
4, 0, 1469367959
4, 0, 2066286615
4, 0, 2048902399
0, 4, 2190503377
4, 0, 1881059528
0, 4, 1677802366
0, 4, 2297795163
0, 4, 2261537566
4, 0, 2191147690
4, 0, 2052454714
4, 0, 2066156041
4, 0, 1983204428
0, 4, 2223705432
4, 0, 1970784918
4, 0, 2003079325
4, 0, 1834315632
4, 0, 2016123301
4, 0, 1989238668
4, 0, 2013720300
0, 4, 2181369491
4, 0, 2046661960
4, 0, 1693582671
4, 0, 2015752352
4, 0, 1981551234
4, 0, 1999838272
4, 0, 1686528624
4, 0, 1564959316
0, 4, 2264993614
4, 0, 1966113423
4, 0, 2062580594
0, 4, 1968440555
0, 4, 2051022295
0, 4, 2328320006
4, 0, 1680884655
4, 0, 1469760459
0, 4, 2000499065
0, 4, 2050568792
0, 4, 2207735707
0, 4, 2238355534
0, 4, 2207872202
4, 0, 1992892783
4, 0, 1989444879
4, 0, 1970254252
4, 0, 1793751871
4, 0, 1824430332
4, 0, 1792117812
0, 4, 1573069723
0, 4, 2014987658
4, 0, 1973880325
4, 0, 1963354686
0, 4, 1557915414
4, 0, 1795178247
4, 0, 2054502542
4, 0, 2015041851
4, 0, 1559356958
4, 0, 1963822594
0, 4, 2064592635
4, 0, 1751324739
4, 0, 1995403087
0, 4, 2241032619
4, 0, 2058929292
4, 0, 2067663932
4, 0, 2064056843
0, 4, 2070387156
0, 4, 2067108245
0, 4, 2242077959
4, 0, 2014866449
4, 0, 2048349068
0, 4, 2065040075
0, 4, 2013822569
4, 0, 2189899888
0, 4, 1752416053
0, 4, 1980339324
0, 4, 2016931955
4, 0, 2184277779
4, 0, 2015127795
0, 4, 2306279843
4, 0, 1676641040
0, 4, 2015553875
4, 0, 1990293696
0, 4, 1989339247
0, 4, 1823814469
0, 4, 2176019235
0, 4, 2059530050
4, 0, 1932309787
0, 4, 2229691257
4, 0, 2176539458
0, 4, 2235556059
0, 4, 1969333555
0, 4, 1753307859
4, 0, 2014540226
4, 0, 2002711429
4, 0, 2175300940
0, 4, 2295815562
4, 0, 2017106733
4, 0, 2186554851
4, 0, 2015436008
4, 0, 1996357305
0, 4, 2193676961
4, 0, 1680742192
0, 4, 1555931000
4, 0, 2063069686
0, 4, 2244975634
4, 0, 1975343431
0, 4, 2264401777
4, 0, 2052535602
4, 0, 2177406136
4, 0, 1754599331
0, 4, 2226386826
4, 0, 2055828882
4, 0, 2060137856
4, 0, 2190775657
0, 4, 1932513931
0, 4, 2232935339
0, 4, 2068119426
4, 0, 2065057641
4, 0, 2191179195
4, 0, 1754024569
0, 4, 1964763479
0, 4, 1996174614
4, 0, 1573597333
4, 0, 1962045507
0, 4, 2260944348
4, 0, 1976912718
4, 0, 1986641242
0, 4, 2211575604
4, 0, 1970044676
4, 0, 1979157950
4, 0, 2175107055
0, 4, 2257677624
0, 4, 2252446670
0, 4, 2230163102
0, 4, 2248551834
0, 4, 2031855040
4, 0, 1834313859
4, 0, 1971591897
4, 0, 1827219343
4, 0, 2049838400
4, 0, 1978172682
0, 4, 2255809977
4, 0, 1824582751
0, 4, 1551179767
4, 0, 1793985685
4, 0, 1932858806
4, 0, 1966523824
4, 0, 1978989122
4, 0, 1751431183
4, 0, 2189959885
0, 4, 2191296430
0, 4, 2070261537
0, 4, 2050743136
4, 0, 1573252109
4, 0, 2174596521
0, 4, 2302805214
4, 0, 1971482268
4, 0, 1694367237
4, 0, 1826451755
0, 4, 1992351987
0, 4, 1971280284
4, 0, 2061132979
4, 0, 1677115485
4, 0, 1972212044
0, 4, 1678810498
4, 0, 2180749805
0, 4, 2179667909
0, 4, 1822539039
4, 0, 1974101945
4, 0, 1754179676
0, 4, 2295215446
4, 0, 1833735491
0, 4, 2323407818
0, 4, 2054265158
0, 4, 1984835765
4, 0, 2048326477
0, 4, 2297768877
4, 0, 1684981732
4, 0, 2069228355
4, 0, 1968680829
0, 4, 2262289550
0, 4, 2178431762
4, 0, 1557092896
4, 0, 1989832348
4, 0, 2013495503
4, 0, 1970092385
4, 0, 2175134218
0, 4, 1980287632
0, 4, 1985283107
0, 4, 1986546821
4, 0, 2044930269
4, 0, 1831297275
0, 4, 2194328264
4, 0, 1975186670
4, 0, 1827812330
0, 4, 2247552784
4, 0, 1971986939
0, 4, 1990436668
4, 0, 1966338217
0, 4, 1990429095
0, 4, 1997260503
4, 0, 1967077689
0, 4, 2206673223
0, 4, 1957301684
0, 4, 2053173907
4, 0, 2001298009
4, 0, 1792196219
4, 0, 2054764604
4, 0, 2000632044
4, 0, 2051196200
0, 4, 2230821649
4, 0, 1565294837
4, 0, 2003247771
0, 4, 1834340305
4, 0, 1972177813
0, 4, 2266221316
0, 4, 2322104955
4, 0, 2033597398
0, 4, 1970419452
0, 4, 1823154411
0, 4, 1759728849
0, 4, 1469642427
4, 0, 2068891433
4, 0, 2001404553
4, 0, 2014693062
4, 0, 2178011071
4, 0, 1992355114
0, 4, 1991688740
0, 4, 1751949655
0, 4, 2206989305
0, 4, 2060305622
4, 0, 1996787711
4, 0, 2176127247
0, 4, 2065156743
4, 0, 1827979868
0, 4, 2231628411
4, 0, 2189381504
4, 0, 1985366963
4, 0, 2008810699
4, 0, 2013164060
0, 4, 1986704344
4, 0, 2181004906
0, 4, 1989055740
0, 4, 1974138257
4, 0, 2191035313
4, 0, 1678239995
0, 4, 2326013784
0, 4, 2229983448
0, 4, 2254563799
4, 0, 2001120667
4, 0, 1558765395
4, 0, 2180929918
0, 4, 1982989985
4, 0, 1834340083
0, 4, 1685720185
0, 4, 2218925675
4, 0, 1969783740
0, 4, 1996909675
4, 0, 2002418805
4, 0, 1966042682
4, 0, 1835324555
0, 4, 2070110928
0, 4, 2288473366
4, 0, 1832256199
4, 0, 2190858783
4, 0, 2003537756
0, 4, 2245344210
0, 4, 2012549126
4, 0, 1975040504
4, 0, 1835974474
0, 4, 1957745916
0, 4, 2326572993
4, 0, 1558072318
0, 4, 1754192209
4, 0, 2001947271
4, 0, 1957065322
4, 0, 1969992398
0, 4, 1933141775
0, 4, 2000953619
4, 0, 1981564760
4, 0, 1881784104
4, 0, 1933163201
4, 0, 1695137257
0, 4, 2051718391
4, 0, 2053859329
4, 0, 1997890629
4, 0, 1792865652
0, 4, 2184855474
4, 0, 1565878401
4, 0, 1835772659
0, 4, 2254953308
0, 4, 1999500328
0, 4, 1676387727
4, 0, 1982416229
0, 4, 2058387492
0, 4, 1793873036
0, 4, 2217361936
4, 0, 1880562629
4, 0, 2064373089
4, 0, 2067999430
4, 0, 2190836125
4, 0, 1982787500
4, 0, 1823969950
0, 4, 1834125681
4, 0, 1835721508
4, 0, 1833310414
0, 4, 1558669355
4, 0, 2190784910
4, 0, 1956159580
4, 0, 1965952367
4, 0, 2039711243
0, 4, 2251859726
0, 4, 1984530142
4, 0, 2063854946
0, 4, 2060335386
4, 0, 2176278901
4, 0, 1823791724
0, 4, 1686567105
0, 4, 2266109071
0, 4, 2178066902
4, 0, 1975088292
4, 0, 1880381221
4, 0, 1557495851
0, 4, 1985395190
0, 4, 1997975253
0, 4, 2016608836
4, 0, 2016071376
4, 0, 2004962396
4, 0, 2065056427
0, 4, 2207502199
0, 4, 1694647702
0, 4, 2063123233
4, 0, 2190457985
4, 0, 1998109242
4, 0, 1678977497
0, 4, 2017436274
4, 0, 1557615386
4, 0, 2012136653
0, 4, 2058255096
0, 4, 2298326871
4, 0, 1956072613
4, 0, 2186788456
4, 0, 2061281346
4, 0, 1969829341
0, 4, 2013302940
0, 4, 1983734284
0, 4, 1834702702
0, 4, 2252590615
0, 4, 2203951110
4, 0, 1936064597
4, 0, 2054022677
4, 0, 2052897293
4, 0, 2071030719
4, 0, 1967641411
0, 4, 2061301194
4, 0, 2058861596
0, 4, 1883149671
0, 4, 1991527141
4, 0, 1992518706
4, 0, 2191147540
0, 4, 2209590779
4, 0, 1677642632
4, 0, 1686956999
4, 0, 2004432226
4, 0, 1981172548
4, 0, 2193346098
0, 4, 1685213823
0, 4, 2068640978
0, 4, 1833781606
0, 4, 2327936199
4, 0, 1688895814
4, 0, 1997427492
4, 0, 1976197547
0, 4, 2284824673
4, 0, 2185489555
0, 4, 1974908002
4, 0, 1796904794
4, 0, 1882374395
4, 0, 2014449129
0, 4, 1962457423
4, 0, 2015050192
4, 0, 1978359765
0, 4, 2000859431
4, 0, 2002815670
4, 0, 1556361985
4, 0, 2193426454
0, 4, 1977318353
4, 0, 1833911324
4, 0, 2052425245
0, 4, 2069871992
4, 0, 1983861430
0, 4, 2323324096
0, 4, 1977752930
4, 0, 1974757320
0, 4, 1956733979
4, 0, 2015175348
0, 4, 2196800205
0, 4, 1977947576
4, 0, 1754602246
0, 4, 2205132108
0, 4, 1978161099
4, 0, 2072225907
4, 0, 2051958919
0, 4, 2001457053
4, 0, 1686638877
4, 0, 2014211807
0, 4, 2189302981
0, 4, 1551049117
4, 0, 1970148751
0, 4, 2063736710
0, 4, 2067542510
0, 4, 1992573871
0, 4, 2005115655
0, 4, 2010601007
0, 4, 1684969857
4, 0, 1967191955
0, 4, 2185702158
4, 0, 1975139302
4, 0, 1960396697
0, 4, 2300744163
4, 0, 1976012979
4, 0, 2011037714
4, 0, 1752964724
0, 4, 2065331597
0, 4, 1692095665
4, 0, 1975155081
4, 0, 2063935126
0, 4, 2228847485
0, 4, 2284915211
0, 4, 1962460120
4, 0, 2186861371
0, 4, 1996245626
4, 0, 2188927461
4, 0, 1677893444
0, 4, 1795258508
0, 4, 2057168329
0, 4, 1557133612
0, 4, 1963102339
0, 4, 2046055762
4, 0, 2014112318
0, 4, 1557376333
0, 4, 2251361662
0, 4, 2215231432
4, 0, 1973436111
4, 0, 1827894541
4, 0, 1984716271
0, 4, 2049500048
4, 0, 1975184407
4, 0, 1880206985
0, 4, 1823121412
4, 0, 2175872948
4, 0, 2191866140
4, 0, 2187504348
4, 0, 2031083377
4, 0, 2064445962
0, 4, 2061967745
4, 0, 1695965030
4, 0, 2053209711
0, 4, 2177361767
4, 0, 1990081251
4, 0, 1974645728
4, 0, 1556859702
0, 4, 2017608191
4, 0, 2192935911
0, 4, 2253952181
4, 0, 1467841985
0, 4, 1833234318
0, 4, 2068887260
0, 4, 1991303591
4, 0, 2191292994
0, 4, 2298266128
4, 0, 1834768511
0, 4, 1754151996
0, 4, 1468293310
0, 4, 1969865016
4, 0, 2013067159
0, 4, 1981815354
4, 0, 2062915421
0, 4, 2200591501
4, 0, 2058146749
4, 0, 1968318627
0, 4, 2258970366
4, 0, 1976481129
0, 4, 2224747509
4, 0, 1685727442
0, 4, 1989897759
4, 0, 2066644913
4, 0, 1832787208
4, 0, 2189183698
4, 0, 2177561747
4, 0, 1961988280
4, 0, 2001956856
0, 4, 1548319602
4, 0, 1966747487
0, 4, 2003229650
4, 0, 2189369735
4, 0, 1881187433
4, 0, 1675862988
0, 4, 1828024584
4, 0, 1991796239
4, 0, 1973365696
4, 0, 2190832846
0, 4, 1989741850
4, 0, 1881754375
4, 0, 1956246359
0, 4, 1991189594
4, 0, 2054796187
4, 0, 1468851257
4, 0, 2192938847
4, 0, 1956309909
4, 0, 2013179966
0, 4, 2061514319
4, 0, 1974776762
4, 0, 1468527858
0, 4, 1972624038
0, 4, 2071744089
0, 4, 2175877402
0, 4, 2219444090
4, 0, 2190114249
0, 4, 2285820971
0, 4, 2045841638
4, 0, 1969386205
0, 4, 2067502388
0, 4, 1971059925
4, 0, 1833565153
4, 0, 1972329512
4, 0, 2178740543
0, 4, 2071089740
4, 0, 1969716436
0, 4, 1677207746
4, 0, 2049519636
4, 0, 1879952416
0, 4, 1964972284
0, 4, 1557680197
0, 4, 1966195083
4, 0, 2176601254
4, 0, 1677458774
4, 0, 2176361006
4, 0, 1553462868
4, 0, 1974381482
0, 4, 1684926912
0, 4, 1968788388
0, 4, 2244769787
0, 4, 2259205130
0, 4, 1999622490
0, 4, 2194677604
0, 4, 1971851239
0, 4, 2061553277
0, 4, 1996192111
4, 0, 2069322256
0, 4, 1969597259
0, 4, 2190963123
4, 0, 2016474041
4, 0, 1981145763
4, 0, 2053746919
0, 4, 2014313589
0, 4, 2265758826
0, 4, 1833580364
4, 0, 2065576808
4, 0, 1468350990
4, 0, 2053023663
4, 0, 2013899212
4, 0, 2191885449
0, 4, 2187195628
4, 0, 1969765452
4, 0, 2000428122
0, 4, 1692295722
0, 4, 2060135199
0, 4, 2325312724
4, 0, 1981707307
4, 0, 1692098447
0, 4, 2252926615
4, 0, 1556607315
4, 0, 1996254213
4, 0, 2174922351
0, 4, 2323064839
4, 0, 2179875717
4, 0, 1967945321
4, 0, 2044814850
4, 0, 1992455857
4, 0, 1551492312
4, 0, 1986786468
4, 0, 1559068472
0, 4, 1565388708
4, 0, 2013536004
4, 0, 1468363696
4, 0, 2056953624
4, 0, 1468323352
0, 4, 1974439020
4, 0, 2055538669
4, 0, 1957457351
4, 0, 1932858345
4, 0, 2176162486
4, 0, 1975217477
4, 0, 1554166882
4, 0, 2182682398
4, 0, 2177803159
0, 4, 2225719175
4, 0, 1983309302
4, 0, 1553179492
0, 4, 2234539255
4, 0, 2190223786
4, 0, 1880633614
0, 4, 2257742363
0, 4, 2216862451
0, 4, 1553823403
4, 0, 1983207574
4, 0, 2053489850
4, 0, 2015051837
4, 0, 1966375840
4, 0, 2011036397
4, 0, 1770548980
4, 0, 2002670646
0, 4, 1982360586
0, 4, 1565096048
4, 0, 2179083284
4, 0, 1976092811
4, 0, 1760006542
4, 0, 1998696896
4, 0, 2189886186
0, 4, 2067114961
4, 0, 1574087957
4, 0, 1693209039
4, 0, 1997539608
4, 0, 2192537087
0, 4, 2066940996
0, 4, 2266129992
4, 0, 2052865551
4, 0, 1751988089
0, 4, 2001270228
4, 0, 1882320779
4, 0, 2190092725
4, 0, 1977004923
0, 4, 2063704547
0, 4, 1563807026
4, 0, 2185733209
4, 0, 2001179123
4, 0, 1989756576
4, 0, 1676314127
0, 4, 2248641047
0, 4, 2200928355
4, 0, 1957446637
0, 4, 2203253480
4, 0, 1834516908
0, 4, 1975221731
4, 0, 1972844391
0, 4, 1834855219
0, 4, 1564646271
4, 0, 2185688837
4, 0, 1572844206
0, 4, 1468853362
0, 4, 2324562349
4, 0, 1990113456
0, 4, 1972180784
4, 0, 2065958726
4, 0, 2014691453
0, 4, 1794908642
0, 4, 2300593295
4, 0, 2056391335
4, 0, 1956072585
0, 4, 2068628581
4, 0, 1932293682
0, 4, 2069520832
0, 4, 2228115989
4, 0, 1558213818
0, 4, 2067973002
4, 0, 1979229344
4, 0, 1975982905
4, 0, 1685031414
0, 4, 2176376260
0, 4, 1980608730
4, 0, 1981935469
4, 0, 2061525160
0, 4, 2204429144
4, 0, 1984072313
4, 0, 1753309879
4, 0, 1979334350
4, 0, 1685519453
0, 4, 2203432054
0, 4, 2328497702
4, 0, 1551427323
0, 4, 2048255466
0, 4, 2069781685
4, 0, 2052747849
4, 0, 1993750006
4, 0, 1972703695
4, 0, 1979707351
4, 0, 1992956509
4, 0, 2193188315
0, 4, 2183809175
0, 4, 2060633011
4, 0, 1978972341
4, 0, 2002015528
4, 0, 2015905004
4, 0, 1750965106
4, 0, 1995468359
4, 0, 2052857472
4, 0, 1694091113
4, 0, 2000916354
4, 0, 1795269197
0, 4, 2231412512
0, 4, 1970747712
4, 0, 1965859633
4, 0, 2177082624
4, 0, 1751500571
4, 0, 2058658659
4, 0, 1955950454
0, 4, 1793218473
4, 0, 1997119782
4, 0, 2187837589
0, 4, 2231577178
0, 4, 1754092861
4, 0, 2065074618
4, 0, 1969028205
4, 0, 1956110647
4, 0, 1975008124
0, 4, 2178613651
0, 4, 2219283050
4, 0, 1556796459
0, 4, 1759163629
4, 0, 1680849581
0, 4, 2236117841
4, 0, 1983863774
4, 0, 1469586840
0, 4, 2229679096
0, 4, 2215916546
4, 0, 2065768783
0, 4, 1573322799
4, 0, 1970443605
0, 4, 2237044497
4, 0, 1677075162
4, 0, 1677909760
4, 0, 1827731688
4, 0, 1960820458
4, 0, 1998371510
0, 4, 1564505451
0, 4, 1990391887
4, 0, 2009186739
4, 0, 2063654496
4, 0, 2000971940
0, 4, 1966228071
0, 4, 2177863598
4, 0, 1989391854
0, 4, 1550842657
4, 0, 2176552420
0, 4, 2002319172
4, 0, 1676369117
4, 0, 1982532274
4, 0, 1977779735
4, 0, 1981375366
0, 4, 1961059288
0, 4, 1979755052
0, 4, 1556696599
4, 0, 1970529558
0, 4, 2193804559
4, 0, 2048575783
4, 0, 1979714962
0, 4, 2257994682
4, 0, 1973435677
4, 0, 1982282248
0, 4, 1991619818
4, 0, 2016176404
4, 0, 1978816189
4, 0, 1559129556
4, 0, 1976531261
4, 0, 1932886859
4, 0, 1795317308
4, 0, 1469026374
0, 4, 2203771666
4, 0, 1975201513
4, 0, 2063507332
4, 0, 1960762111
0, 4, 1556721843
4, 0, 1677330082
0, 4, 2062438113
0, 4, 2070167100
0, 4, 1573159475
0, 4, 2254539294
0, 4, 2051012325
4, 0, 1676972538
0, 4, 2204890513
0, 4, 2183671424
4, 0, 2052771439
4, 0, 2016556999
4, 0, 2053012026
4, 0, 2055957845
0, 4, 2052485717
0, 4, 1960425693
4, 0, 1982770345
4, 0, 2190750689
4, 0, 2050115199
0, 4, 2299505921
4, 0, 1468788316
4, 0, 1980668650
4, 0, 2070747966
4, 0, 1961922459
4, 0, 2018376280
4, 0, 1977260552
4, 0, 2174720611
4, 0, 1983847117
4, 0, 1985401668
4, 0, 1836133712
4, 0, 1991494451
0, 4, 1972397859
4, 0, 2189252616
4, 0, 1557782637
0, 4, 1969275290
4, 0, 1969767851
4, 0, 1679210263
4, 0, 1882181448
0, 4, 2246676433
4, 0, 2039765546
4, 0, 1694401066
0, 4, 2323029499
4, 0, 2058027787
4, 0, 2062447973
4, 0, 1975739142
4, 0, 2015985772
4, 0, 1971577875
0, 4, 1880916014
0, 4, 1986183763
4, 0, 2184946842
4, 0, 1558885636
0, 4, 2050821922
4, 0, 1827731134
0, 4, 1966449859
0, 4, 2301230246
0, 4, 1793068369
0, 4, 2264761004
4, 0, 1967870016
4, 0, 2053316113
4, 0, 1985250994
0, 4, 2070108993
4, 0, 1989032082
4, 0, 1693831043
4, 0, 1677187526
0, 4, 2000628048
4, 0, 1883302756
0, 4, 2197757258
4, 0, 2063718381
0, 4, 2070619778
4, 0, 1833814026
0, 4, 2049754947
4, 0, 2044847206
0, 4, 2176647991
0, 4, 1834471224
4, 0, 1827350243
4, 0, 2070659906
4, 0, 1998959247
0, 4, 2013323587
4, 0, 2033645275
4, 0, 2062626062
4, 0, 1968849683
4, 0, 2070151359
4, 0, 1793119103
0, 4, 2052620702
0, 4, 1564463278
4, 0, 1564103697
0, 4, 1963649102
4, 0, 1980616407
4, 0, 2002710750
4, 0, 1933223520
0, 4, 2222153716
4, 0, 2049461341
0, 4, 2205368898
0, 4, 2257633883
4, 0, 1556986559
4, 0, 1961786273
4, 0, 2190993571
4, 0, 1999218343
4, 0, 2193031733
0, 4, 2001692811
0, 4, 2191219025
4, 0, 1688818625
4, 0, 1558676679
4, 0, 2051733249
4, 0, 2059382227
4, 0, 1467823046
0, 4, 2015777146
4, 0, 2061365229
4, 0, 1988702663
0, 4, 1882086549
4, 0, 1968182911
4, 0, 2188721684
4, 0, 2176113214
4, 0, 2013932949
4, 0, 1826036855
0, 4, 2262732886
0, 4, 2191034437
4, 0, 1996276529
4, 0, 2015667870
4, 0, 2011927964
4, 0, 1977579125
4, 0, 1880937071
4, 0, 2189925441
4, 0, 1468771452
0, 4, 2244957070
4, 0, 1827778353
4, 0, 1558023873
4, 0, 2047790779
4, 0, 1980017547
0, 4, 1835728768
0, 4, 2013137890
4, 0, 1961529066
0, 4, 2242519915
4, 0, 1827437673
4, 0, 1970154971
4, 0, 2030755804
0, 4, 1965531224
0, 4, 2006459542
0, 4, 2059947755
0, 4, 2016999562
0, 4, 2226826327
0, 4, 1974639885
4, 0, 2186675200
4, 0, 1932700944
0, 4, 1563845255
4, 0, 1550847854
0, 4, 1558066637
4, 0, 1557388067
4, 0, 2065697920
4, 0, 2061394960
4, 0, 2188341779
4, 0, 2047856380
4, 0, 1984395758
4, 0, 1973809367
4, 0, 2072111426
4, 0, 1978385104
0, 4, 2249015598
0, 4, 2007794059
4, 0, 1836189437
4, 0, 1964546332
4, 0, 2176348547
4, 0, 1694457763
4, 0, 1933020610
0, 4, 1988864103
0, 4, 1982668299
0, 4, 2016094787
0, 4, 2241582160
0, 4, 2062512680
4, 0, 1956277054
0, 4, 2008578916
0, 4, 2235746204
4, 0, 2067470521
4, 0, 1957357686
0, 4, 2256189656
4, 0, 2181703292
0, 4, 2286007889
4, 0, 2188849060
4, 0, 1564039569
4, 0, 1972897232
4, 0, 2069789663
0, 4, 1685694596
4, 0, 1770980190
4, 0, 2015723770
4, 0, 1997048398
4, 0, 1880294252
4, 0, 2055997262
0, 4, 1990436133
0, 4, 1573299338
4, 0, 1978544281
4, 0, 2057690792
0, 4, 2214278368
4, 0, 1996536526
0, 4, 2000761412
4, 0, 1972774537
0, 4, 2257715156
0, 4, 1556794166
4, 0, 1983570480
0, 4, 1966127869
0, 4, 2238015479
4, 0, 1999932520
0, 4, 2183870615
0, 4, 2178801392
4, 0, 1989713332
4, 0, 2188897998
4, 0, 1977027067
4, 0, 1990969320
0, 4, 1986163450
4, 0, 2064896422
4, 0, 1469814230
4, 0, 1971019281
4, 0, 1998433269
0, 4, 1957086444
4, 0, 2067012796
4, 0, 1553773447
0, 4, 2199031203
4, 0, 2052447363
0, 4, 2206436240
4, 0, 1880534453
0, 4, 2014767948
4, 0, 1968679229
0, 4, 1881246469
4, 0, 2185145207
0, 4, 2259058791
0, 4, 1557029129
0, 4, 1976288886
4, 0, 2068275388
4, 0, 1677055474
0, 4, 2049456132
0, 4, 1985140663
4, 0, 2055509594
0, 4, 1956888328
4, 0, 2001751028
4, 0, 2072188554
4, 0, 1832351284
4, 0, 1751953066
4, 0, 2052721607
0, 4, 1964127614
0, 4, 1964246804
0, 4, 1963531079
4, 0, 2064200474
4, 0, 2051870539
4, 0, 2186362818
0, 4, 1826057919
0, 4, 2176689182
4, 0, 1978639293
4, 0, 1996460727
0, 4, 2250397700
0, 4, 2216762051
4, 0, 2176056617
4, 0, 1999020740
0, 4, 1826451189
4, 0, 1965563541
0, 4, 2245483446
4, 0, 1976151999
0, 4, 2257613783
4, 0, 1835247689
4, 0, 1882162648
0, 4, 1834399328
4, 0, 1990602310
0, 4, 1967331972
4, 0, 2066029664
4, 0, 1688114114
4, 0, 1551807114
0, 4, 2214503946
4, 0, 2177484548
4, 0, 1998672713
4, 0, 1992560349
4, 0, 2015338603
0, 4, 2221074235
4, 0, 2062501982
4, 0, 2063279152
0, 4, 2069989234
0, 4, 2178641402
4, 0, 1986006253
0, 4, 1822461923
0, 4, 1973447806
4, 0, 2068117437
0, 4, 1792352669
0, 4, 2263089155
4, 0, 2052596834
4, 0, 1984847555
0, 4, 1834160211
4, 0, 1468022154
0, 4, 1996606351
4, 0, 1979082890
4, 0, 1970664050
0, 4, 2182877447
4, 0, 1836226421
4, 0, 2031180864
4, 0, 2049284937
0, 4, 2054482218
4, 0, 2061198652
0, 4, 1963408939
4, 0, 2186315852
0, 4, 2217247226
4, 0, 2050829441
0, 4, 2016050359
0, 4, 2204250730
0, 4, 1977727103
0, 4, 2186073054
4, 0, 1564503761
4, 0, 2001089185
4, 0, 2062303571
0, 4, 2066243415
0, 4, 1468141439
4, 0, 2193029793
0, 4, 1968808631
4, 0, 1563758374
4, 0, 2017015076
4, 0, 1996216128
0, 4, 1990297488
4, 0, 1970792485
4, 0, 1553240921
0, 4, 2189525124
0, 4, 2325554288
0, 4, 2220730856
4, 0, 2068965661
0, 4, 2328738402
4, 0, 1968025577
4, 0, 1827994387
4, 0, 2187392022
4, 0, 2052719106
0, 4, 2001034271
0, 4, 2237194969
4, 0, 2001577743
4, 0, 1975629391
0, 4, 2216667714
0, 4, 1792887601
4, 0, 2055072550
4, 0, 1677426682
0, 4, 1563611376
0, 4, 2071604502
4, 0, 1835232582
0, 4, 1970769559
0, 4, 2254191261
4, 0, 2191903935
4, 0, 2015151444
4, 0, 2178933785
4, 0, 2193453250
4, 0, 1962398562
4, 0, 1997330783
4, 0, 1792667737
4, 0, 1989903419
4, 0, 1695618512
4, 0, 2061904935
0, 4, 2238400338
4, 0, 1681138808
0, 4, 2052822329
4, 0, 1823122006
0, 4, 1996478583
0, 4, 2187565713
4, 0, 1933174799
0, 4, 1795267023
4, 0, 1468296996
0, 4, 1770739238
4, 0, 2061698312
0, 4, 2190671657
0, 4, 2066919710
4, 0, 1976531735
4, 0, 2175040513
4, 0, 2016976610
4, 0, 2066463494
0, 4, 1960864881
0, 4, 1548278631
4, 0, 2064594138
4, 0, 2052260030
4, 0, 1974150776
4, 0, 1754400430
0, 4, 1965698138
0, 4, 2014720087
4, 0, 1983970733
4, 0, 2189539236
0, 4, 2235393425
4, 0, 2064939807
4, 0, 2064302992
4, 0, 2065609481
0, 4, 1881019472
4, 0, 2175838811
0, 4, 1973021054
0, 4, 2299850927
0, 4, 2300775282
4, 0, 1559677492
0, 4, 2322815267
4, 0, 1962798803
4, 0, 1827705794
0, 4, 1985196593
4, 0, 1684847233
0, 4, 2174809480
4, 0, 1469702598
4, 0, 1834355575
4, 0, 2013470451
4, 0, 2015722464
4, 0, 2002830925
0, 4, 2014908428
4, 0, 2003129899
0, 4, 1984510853
4, 0, 1573579796
0, 4, 2186549606
4, 0, 1794909438
0, 4, 1882256356
0, 4, 2236545869
0, 4, 1991756511
4, 0, 1980311345
4, 0, 1827584721
0, 4, 1957015475
4, 0, 2178122491
4, 0, 2068817613
0, 4, 2193975180
4, 0, 1677579918
4, 0, 1468956216
4, 0, 2014703614
4, 0, 1792325654
4, 0, 2063383383
0, 4, 1564539484
4, 0, 2057674039
0, 4, 2072213230
4, 0, 1694222692
4, 0, 2071244554
4, 0, 2059881665
4, 0, 1999390533
0, 4, 2222044363
0, 4, 2062211188
4, 0, 2059232262
4, 0, 1965544428
4, 0, 2052173376
4, 0, 1956687021
4, 0, 2030738793
4, 0, 2190362980
4, 0, 1824182353
4, 0, 1967005106
0, 4, 2057326345
4, 0, 2015336491
4, 0, 1824246100
4, 0, 1880693074
4, 0, 1834663105
0, 4, 2039678872
0, 4, 2052280715
0, 4, 2248387591
4, 0, 2032695643
0, 4, 2259858285
4, 0, 2191003412
4, 0, 1835548598
4, 0, 1972472818
4, 0, 1975533891
4, 0, 2015053056
0, 4, 2262156029
4, 0, 2175736042
0, 4, 2227763004
0, 4, 2244282603
4, 0, 1824203706
4, 0, 1971109316
4, 0, 1968023841
4, 0, 2189629115
4, 0, 1955984349
0, 4, 2251176695
4, 0, 1985314329
4, 0, 1992313668
0, 4, 2204406702
0, 4, 2261670244
4, 0, 1972987530
4, 0, 1961113314
4, 0, 1827939149
4, 0, 2071795540
4, 0, 2011632671
4, 0, 2180548126
4, 0, 1880313657
0, 4, 2228807283
0, 4, 1994400912
0, 4, 1976905800
0, 4, 1686314005
0, 4, 2236624898
0, 4, 2267036185
4, 0, 2065663298
0, 4, 1564070541
4, 0, 2053132095
4, 0, 1970074958
4, 0, 2001771572
4, 0, 2033595822
0, 4, 2203840337
0, 4, 2066976822
4, 0, 1998085972
4, 0, 2062657613
4, 0, 1880771065
0, 4, 1998665646
4, 0, 1993728824
0, 4, 1932488838
0, 4, 2323773945
4, 0, 1793437471
0, 4, 1882260940
0, 4, 2248694994
0, 4, 2201952854
4, 0, 2004972457
0, 4, 1973528321
4, 0, 2048412737
4, 0, 1967775539
0, 4, 1558281863
0, 4, 2176742615
4, 0, 1996897701
0, 4, 1695053664
4, 0, 1981279182
0, 4, 1823841605
4, 0, 1556723578
0, 4, 2229835356
4, 0, 1972294343
4, 0, 1998393397
0, 4, 2236686232
4, 0, 1997400814
0, 4, 1881838716
4, 0, 1548499336
0, 4, 2327292073
4, 0, 1961152410
0, 4, 2191568868
4, 0, 1677686886
4, 0, 2052475458
4, 0, 1834375554
0, 4, 1955948430
4, 0, 2184043052
0, 4, 2219152819
0, 4, 2190389369
4, 0, 2067453180
0, 4, 2324491801
4, 0, 2185013701
4, 0, 1995592533
0, 4, 1991983166
0, 4, 2221152519
4, 0, 1880801990
4, 0, 1961767016
4, 0, 1694835175
4, 0, 2179605004
4, 0, 1880755293
0, 4, 2266438643
4, 0, 2066046726
4, 0, 2001077413
0, 4, 1988771138
4, 0, 2006965930
0, 4, 1970432147
4, 0, 1990051361
4, 0, 1979007194
4, 0, 1694203788
4, 0, 2049106351
0, 4, 2060937765
0, 4, 2222302314
4, 0, 2069863475
4, 0, 1963243460
0, 4, 1997045116
4, 0, 1556795454
4, 0, 1988736262
4, 0, 2190606740
4, 0, 1961552457
4, 0, 2067586792
4, 0, 1975939493
4, 0, 2061394151
4, 0, 1997425873
4, 0, 2062725172
0, 4, 2324861063
4, 0, 1686267004
4, 0, 1827575139
4, 0, 2000827514
4, 0, 1796857377
4, 0, 1993120594
4, 0, 1990550287
0, 4, 1983703186
4, 0, 1823541633
4, 0, 2062797552
0, 4, 2062462844
4, 0, 1677133500
4, 0, 1980552206
4, 0, 2017839381
4, 0, 1827846187
4, 0, 1573511997
0, 4, 2052406333
0, 4, 1963228517
0, 4, 1573359893
0, 4, 1975974650
4, 0, 2053908077
0, 4, 2175847582
0, 4, 1955981915
4, 0, 1836117517
0, 4, 1970907096
4, 0, 2179031720
0, 4, 2267221052
4, 0, 1979452186
0, 4, 1932894075
0, 4, 2019063353
4, 0, 2014023325
0, 4, 1754318478
4, 0, 2016399431
0, 4, 2054003614
4, 0, 2064742609
4, 0, 2187819408
0, 4, 2198581070
0, 4, 2249434032
0, 4, 1973600281
4, 0, 2189109608
4, 0, 1998956190
4, 0, 2174660802
0, 4, 2012552114
0, 4, 1993416833
4, 0, 1970409553
4, 0, 1976972661
4, 0, 2000415571
4, 0, 1833647435
0, 4, 2288492366
4, 0, 2002777609
0, 4, 1824425910
4, 0, 1971231329
4, 0, 1999783989
4, 0, 1982906648
4, 0, 2002232147
4, 0, 1970419886
4, 0, 1975613283
4, 0, 2070407635
4, 0, 1990953879
4, 0, 2060786815
0, 4, 2060234867
0, 4, 2187059013
0, 4, 1957738949
0, 4, 2056515412
0, 4, 2002434115
4, 0, 2190046061
4, 0, 2178740924
4, 0, 2056371849
0, 4, 2264637819
4, 0, 2053816641
4, 0, 1957542093
4, 0, 1990682302
0, 4, 2200144904
4, 0, 2060000387
4, 0, 2004452778
4, 0, 1976468031
4, 0, 2192768638
4, 0, 1956587269
4, 0, 1833802829
0, 4, 1836031467
4, 0, 1833994033
0, 4, 2053791115
4, 0, 1882466664
0, 4, 1981613499
0, 4, 1978859180
0, 4, 2175447381
4, 0, 1961137210
4, 0, 2175590177
4, 0, 2063033821
4, 0, 1958097406
4, 0, 1999292398
0, 4, 1826374428
0, 4, 2057402708
4, 0, 2055323546
4, 0, 2017684590
0, 4, 1990707499
4, 0, 2070152475
0, 4, 1794214082
4, 0, 2057993029
4, 0, 1986156092
4, 0, 2189784403
0, 4, 2000094353
4, 0, 2060244405
0, 4, 2070161190
4, 0, 2054609470
4, 0, 1677809658
4, 0, 1557556783
4, 0, 1976799764
4, 0, 2182498321
0, 4, 2198386336
4, 0, 1956057911
4, 0, 1983433495
4, 0, 2016418013
4, 0, 2064271818
0, 4, 2242703083
4, 0, 1678944638
0, 4, 2056400155
0, 4, 1836173778
4, 0, 2191404569
0, 4, 1980822577
0, 4, 2199456316
0, 4, 1985478051
4, 0, 2183022073
0, 4, 2183073196
4, 0, 2000709333
4, 0, 1563867822
0, 4, 1962935019
0, 4, 1993985091
4, 0, 1975233353
0, 4, 1759615612
4, 0, 2062080445
4, 0, 2067939553
0, 4, 1971281681
4, 0, 1825067071
4, 0, 2053570379
0, 4, 1828065420
4, 0, 2066047292
0, 4, 2260640301
4, 0, 2177409655
4, 0, 2003263095
4, 0, 2002298070
4, 0, 1828076023
4, 0, 1996954921
4, 0, 1991478224
0, 4, 1770739995
0, 4, 2053835647
0, 4, 1755082319
0, 4, 2062354960
4, 0, 2063487927
4, 0, 1754262621
0, 4, 2174757151
4, 0, 2062363245
0, 4, 1684896033
0, 4, 2238941188
4, 0, 1989490494
0, 4, 1825339978
4, 0, 1991137055
4, 0, 1932481527
4, 0, 1977080525
0, 4, 2264458944
0, 4, 2059994159
4, 0, 2014753901
0, 4, 2017391462
4, 0, 2059202007
4, 0, 1755315486
0, 4, 2323526760
4, 0, 2175325792
4, 0, 2192247766
4, 0, 2050903956
4, 0, 2048577265
4, 0, 2184298618
0, 4, 2203281875
0, 4, 1564644828
0, 4, 2054174641
4, 0, 1792917517
4, 0, 1677093740
0, 4, 1822828419
4, 0, 1984733349
0, 4, 1967098968
4, 0, 1827780611
4, 0, 1755708109
4, 0, 1833813489
0, 4, 1686920875
0, 4, 1994431534
0, 4, 1678752734
4, 0, 1980868582
4, 0, 1990224474
4, 0, 1978448943
4, 0, 2188751676
4, 0, 1573385524
4, 0, 1564855103
4, 0, 1882146601
4, 0, 1984518086
4, 0, 2065508449
4, 0, 1932397291
0, 4, 2209575792
4, 0, 1685030594
0, 4, 2259537901
0, 4, 2235034671
4, 0, 2055619526
4, 0, 2071479116
4, 0, 2052880870
0, 4, 2235136977
4, 0, 1754024315
0, 4, 1686980690
0, 4, 1989614865
4, 0, 1834830511
4, 0, 1994699758
0, 4, 2055633748
0, 4, 2218494727
4, 0, 1997462948
4, 0, 1990906642
4, 0, 1684927674
0, 4, 2299697792
4, 0, 1975628152
0, 4, 2298574717
4, 0, 1557632526
0, 4, 2244535396
0, 4, 1985629149
0, 4, 2176341965
4, 0, 2001666523
4, 0, 1956341748
4, 0, 1688008805
4, 0, 2004685835
4, 0, 1824135690
4, 0, 2059699785
4, 0, 2064435359
4, 0, 2060526550
0, 4, 2218053895
4, 0, 2185286666
4, 0, 1996357152
0, 4, 1833818886
0, 4, 1962702878
4, 0, 1564297902
0, 4, 2014733386
0, 4, 2215070867
4, 0, 1691052283
0, 4, 2015133678
4, 0, 1967006062
0, 4, 2241968879
4, 0, 1556590682
4, 0, 1967115595
4, 0, 2177843764
0, 4, 1956099550
0, 4, 2068738817
4, 0, 1965619672
0, 4, 2299765516
4, 0, 2175587142
4, 0, 2175873308
4, 0, 2008965132
4, 0, 2012722962
0, 4, 2263865121
0, 4, 2204637855
0, 4, 1962015688
4, 0, 2053801687
4, 0, 1932668100
0, 4, 2237294763
0, 4, 2325219425
4, 0, 2178232307
0, 4, 2215243571
4, 0, 1751503363
4, 0, 1983950254
4, 0, 1965508306
0, 4, 2175354464
4, 0, 1992687023
0, 4, 2013760796
4, 0, 1833021794
4, 0, 1973879330
0, 4, 1976102785
0, 4, 1956254612
0, 4, 2199471542
4, 0, 1690943538
0, 4, 1752557097
4, 0, 1752321034
0, 4, 2002598590
0, 4, 1997064547
0, 4, 2198902763
4, 0, 2013288726
0, 4, 2054562630
4, 0, 2061848594
0, 4, 2213709266
4, 0, 1693609326
4, 0, 2000351448
4, 0, 2001525830
4, 0, 2054047875
0, 4, 2299300371
4, 0, 2188228092
0, 4, 2246978155
4, 0, 1984935450
4, 0, 1996595845
4, 0, 2014317083
4, 0, 1564121955
0, 4, 2177170940
4, 0, 1989757455
4, 0, 1676872434
4, 0, 2051242290
0, 4, 1564363153
0, 4, 2016399404
0, 4, 2071470642
4, 0, 1992111362
0, 4, 2228861709
0, 4, 2000937602
0, 4, 2217418177
0, 4, 2285852802
4, 0, 2063589457
0, 4, 2228212831
4, 0, 1834747953
0, 4, 2296033934
